4.6591 16.2392 0.386506 2.2
4.84435 16.3146 0.386506 2.2
5.0296 16.39 0.386506 2.2
5.21484 16.4654 0.386506 2.4
5.40009 16.5408 0.386506 2.4
5.58534 16.6162 0.386506 2.6
5.77058 16.6916 0.386506 2.6
5.95583 16.767 0.386506 2.6
6.14107 16.8424 0.386506 2.8
6.32632 16.9178 0.386506 2.8
6.51157 16.9932 0.386506 2.8
6.69681 17.0685 0.386506 3
6.88206 17.1439 0.386506 3
7.06731 17.2193 0.386506 3.2
7.25255 17.2947 0.386506 3.2
7.4378 17.3701 0.386506 3.2
7.62305 17.4455 0.386506 3.4
7.80829 17.5209 0.386506 3.2249
7.99354 17.5963 0.386506 3.2249
8.17878 17.6717 0.386506 3.16228
8.36403 17.7471 0.386506 3
8.54928 17.8225 0.386506 2.97321
8.73452 17.8978 0.386506 2.82843
8.91977 17.9732 0.386506 2.69072
9.10502 18.0486 0.386506 2.72029
9.29026 18.124 0.386506 2.60768
9.47551 18.1994 0.386506 2.50599
9.66076 18.2748 0.386506 2.6
9.846 18.3502 0.386506 2.52982
10.0312 18.4256 0.386506 2.66833
10.2165 18.501 0.386506 2.63059
10.4017 18.5764 0.386506 2.60768
10.587 18.6518 0.386506 2.80713
10.7722 18.7271 0.386506 2.8
10.9575 18.8025 0.386506 3
11.1427 18.8779 0.386506 3
11.328 18.9533 0.386506 3
11.5132 19.0287 0.386506 3.2
11.6985 19.1041 0.386506 3.2
11.8837 19.1795 0.386506 3.2
12.069 19.2549 0.386506 2.95296
12.2542 19.3303 0.332916 2.77849
12.4432 19.3956 0.279326 2.60768
12.6355 19.4508 0.225737 2.33238
12.8304 19.4955 0.172147 2.16333
13.0274 19.5298 0.118557 2
13.226 19.5535 0.064967 1.84391
13.4256 19.5664 0.0113772 1.69706
13.6256 19.5687 -0.0422127 1.56205
13.8254 19.5603 -0.0422127 1.44222
14.0252 19.5518 -0.0422127 1.34164
14.2251 19.5434 -0.0422127 1.26491
14.4249 19.535 -0.0422127 1.21655
14.6247 19.5265 -0.0422127 1.2
14.8245 19.5181 -0.0422127 1.2
15.0244 19.5096 -0.0422127 1.2
15.2242 19.5012 -0.0422127 1.2
15.424 19.4928 -0.0422127 1.2
15.6238 19.4843 -0.0422127 1.2
15.8236 19.4759 -0.0422127 1.2
16.0235 19.4674 -0.0422127 1.2
16.2233 19.459 -0.0422127 1.2
16.4231 19.4506 -0.0422127 1.2
16.6229 19.4421 -0.0422127 1.21655
16.8228 19.4337 -0.0422127 1.26491
17.0226 19.4252 0.0113772 1.34164
17.2226 19.4275 0.064967 1.41421
17.4221 19.4405 0.118557 1.28062
17.6207 19.4641 0.172147 1.16619
17.8178 19.4984 0.225737 1.07703
18.0127 19.5432 0.279326 1.0198
18.205 19.5983 0.332916 1
18.394 19.6637 0.386506 1.2
18.5792 19.7391 0.440096 1.2
18.7602 19.8243 0.493686 1.4
18.9363 19.919 0.547276 1.4
19.1071 20.0231 0.600865 1.6
19.272 20.1362 0.654455 1.6
19.4307 20.2579 0.708045 1.8
19.5826 20.388 0.761635 1.8
19.7274 20.526 0.815225 2
19.8645 20.6716 0.815225 2.2
20.0017 20.8172 0.815225 2.4
20.1388 20.9628 0.815225 2.4
20.2759 21.1083 0.815225 2.6
20.4131 21.2539 0.815225 2.6
20.5502 21.3995 0.815225 2.6
20.6874 21.5451 0.815225 2.4
20.8245 21.6906 0.815225 2.20907
20.9617 21.8362 0.815225 2.23607
21.0988 21.9818 0.815225 2.03961
21.2359 22.1274 0.815225 1.89737
21.3731 22.2729 0.815225 1.96977
21.5102 22.4185 0.815225 1.8868
21.6474 22.5641 0.815225 1.7088
21.7845 22.7097 0.815225 1.78885
21.9216 22.8552 0.815225 1.7088
22.0588 23.0008 0.815225 1.61245
22.1959 23.1464 0.815225 1.61245
22.3331 23.292 0.815225 1.56205
22.4702 23.4375 0.815225 1.56205
22.6073 23.5831 0.815225 1.41421
22.7445 23.7287 0.815225 1.56205
22.8816 23.8743 0.815225 1.56205
23.0188 24.0198 0.815225 1.61245
23.1559 24.1654 0.761635 1.61245
23.3006 24.3034 0.708045 1.7088
23.4526 24.4335 0.654455 1.78885
23.6113 24.5553 0.600865 1.7088
23.7762 24.6683 0.547276 1.89737
23.947 24.7724 0.493686 1.84391
24.1231 24.8672 0.440096 1.96977
24.3041 24.9524 0.386506 1.8868
24.4893 25.0278 0.386506 1.96977
24.6746 25.1032 0.386506 1.89737
24.8598 25.1786 0.386506 1.84391
25.0451 25.2539 0.386506 2.00998
25.2303 25.3293 0.386506 2
25.4155 25.4047 0.386506 2.20907
25.6008 25.4801 0.386506 2.23607
25.786 25.5555 0.386506 2.23607
25.9713 25.6309 0.386506 2.47386
26.1565 25.7063 0.386506 2.52982
26.3418 25.7817 0.386506 2.6
26.527 25.8571 0.386506 2.86356
26.7123 25.9325 0.386506 2.95296
26.8975 26.0079 0.386506 3.2249
27.0828 26.0832 0.386506 3.32866
27.268 26.1586 0.386506 3.44093
27.4533 26.234 0.386506 3.72022
27.6385 26.3094 0.386506 3.84187
27.8237 26.3848 0.386506 3.96989
28.009 26.4602 0.386506 4
28.1942 26.5356 0.386506 4
28.3795 26.611 0.386506 3.8
28.5647 26.6864 0.386506 3.8
28.75 26.7618 0.386506 3.8
28.9352 26.8372 0.386506 3.60555
29.1205 26.9125 0.386506 3.62215
29.3057 26.9879 0.386506 3.64966
29.491 27.0633 0.386506 3.49285
29.6762 27.1387 0.386506 3.54401
29.8615 27.2141 0.386506 3.4176
30.0467 27.2895 0.386506 3.49285
30.232 27.3649 0.386506 3.57771
30.4172 27.4403 0.386506 3.49857
30.6024 27.5157 0.386506 3.60555
30.7877 27.5911 0.386506 3.60555
30.9729 27.6665 0.386506 3.5609
31.1582 27.7418 0.386506 3.68782
31.3434 27.8172 0.386506 3.53836
31.5287 27.8926 0.386506 3.40588
31.7139 27.968 0.386506 3.28024
31.8992 28.0434 0.386506 3
32.0844 28.1188 0.386506 2.88444
32.2697 28.1942 0.386506 2.77849
32.4549 28.2696 0.386506 2.50599
32.6402 28.345 0.386506 2.41661
32.8254 28.4204 0.386506 2.15407
33.0106 28.4958 0.386506 2.08806
33.1959 28.5711 0.386506 2.08806
33.3811 28.6465 0.386506 1.84391
33.5664 28.7219 0.386506 1.81108
33.7516 28.7973 0.386506 1.8
33.9369 28.8727 0.386506 1.6
34.1221 28.9481 0.386506 1.6
34.3074 29.0235 0.386506 1.41421
34.4926 29.0989 0.386506 1.45602
34.6779 29.1743 0.386506 1.52315
34.8631 29.2497 0.440096 1.41421
35.0441 29.3349 0.493686 1.45602
35.2202 29.4296 0.547276 1.34164
35.391 29.5337 0.600865 1.34164
35.5559 29.6468 0.654455 1.26491
35.7146 29.7685 0.708045 1.34164
35.8665 29.8986 0.761635 1.21655
36.0113 30.0366 0.815225 1.07703
36.1484 30.1822 0.868815 1.07703
36.2776 30.3349 0.922404 1
36.3983 30.4943 0.975994 0.848528
36.5104 30.66 1.02958 0.848528
36.6134 30.8314 1.08317 0.894427
36.7072 31.0081 1.13676 0.824621
36.7913 31.1895 1.19035 0.824621
36.8655 31.3752 1.24394 1
36.9297 31.5647 1.29753 1
36.9837 31.7572 1.35112 1
37.0273 31.9524 1.40471 1.2
37.0604 32.1497 1.4583 1.2
37.0828 32.3484 1.51189 1.16619
37.0946 32.5481 1.56548 1.07703
37.0956 32.7481 1.61907 1.0198
37.086 32.9478 1.67266 1
37.074 33.1329 1.59845 1
37.0757 33.3184 1.52425 1.0198
37.0912 33.5032 1.45004 1.07703
37.1204 33.6864 1.37583 1.16619
37.1631 33.8669 1.30163 1.28062
37.219 34.0437 1.22742 1.56205
37.2879 34.2159 1.15321 1.69706
37.3693 34.3826 1.079 1.69706
37.4629 34.5427 1.0048 1.8
37.5681 34.6955 0.930588 1.8
37.6843 34.84 0.856381 1.61245
37.811 34.9755 0.782173 1.41421
37.9473 35.1013 0.707966 1.45602
38.0926 35.2166 0.633758 1.34164
38.246 35.3208 0.559551 1.16619
38.4068 35.4133 0.522447 1.13137
38.4068 35.4133 0.485343 1.13137
38.5752 35.5022 0.485343 1.13137
38.7437 35.591 0.485343 1
38.9121 35.6799 0.485343 1.07703
39.0806 35.7687 0.485343 1.0198
39.249 35.8576 0.485343 1.2
39.4175 35.9464 0.485343 1.2
39.5859 36.0353 0.485343 1.4
39.7544 36.1241 0.485343 1.4
39.9229 36.213 0.485343 1.6
40.0913 36.3018 0.485343 1.6
40.2598 36.3907 0.485343 1.6
40.4282 36.4795 0.485343 1.8
40.5967 36.5683 0.485343 1.8
40.7651 36.6572 0.485343 2
40.9336 36.746 0.485343 2
41.102 36.8349 0.485343 2.2
41.2705 36.9237 0.485343 2.2
41.4389 37.0126 0.485343 2.4
41.6074 37.1014 0.485343 2.4
41.7759 37.1903 0.485343 2.4
41.9443 37.2791 0.485343 2.6
42.1128 37.368 0.485343 2.6
42.2812 37.4568 0.485343 2.8
42.4497 37.5457 0.485343 2.8
42.6181 37.6345 0.485343 3
42.7866 37.7234 0.485343 3
42.955 37.8122 0.485343 3.2
43.1235 37.901 0.485343 3.2
43.2919 37.9899 0.485343 3.2
43.4604 38.0787 0.485343 3.4
43.6289 38.1676 0.485343 3.4
43.7973 38.2564 0.485343 3.6
43.9658 38.3453 0.485343 3.6
44.1342 38.4341 0.485343 3.80526
44.3027 38.523 0.485343 3.82099
44.4711 38.6118 0.485343 4.04475
44.6396 38.7007 0.485343 4.07922
44.808 38.7895 0.485343 4.12311
44.9765 38.8784 0.485343 4.31741
44.9765 38.8784 0.511849 4.31741
45.092 38.9433 0.538355 4.36807
45.204 39.0142 0.591367 4.2
45.312 39.091 0.644379 4.2
45.4158 39.1733 0.697391 4
