4.6591 16.2392 0.386506 2.2
4.84413 16.3152 0.394835 2.2
5.02847 16.3931 0.402225 2.2
5.21281 16.4709 0.394089 2.4
5.39827 16.5458 0.371522 2.4
5.58534 16.6162 0.351359 2.6
5.77348 16.6837 0.336588 2.6
5.96287 16.7481 0.319066 2.6
6.15334 16.8096 0.306115 2.8
6.34439 16.8691 0.298903 2.8
6.53567 16.9274 0.292508 2.8
6.54734 16.931 0.291932 2.8
6.73915 16.9874 0.280435 2.8
6.93168 17.0417 0.269174 3
7.12476 17.0941 0.261322 3
7.31813 17.1453 0.256885 3
7.51165 17.1957 0.252717 3
7.531 17.2007 0.2521 3.2
7.72484 17.2499 0.244864 3.2
7.91905 17.2977 0.237917 3.1305
8.11357 17.3443 0.23277 2.95296
8.30828 17.3901 0.229378 2.77849
8.5031 17.4353 0.226143 2.72029
8.52336 17.4399 0.225704 2.72029
8.71839 17.4842 0.220665 2.56125
8.91366 17.5275 0.215732 2.40832
9.10912 17.5699 0.212101 2.26274
9.30469 17.6118 0.209782 2.28035
9.50035 17.6532 0.207599 2.16333
9.51335 17.656 0.207408 2.16333
9.70913 17.6968 0.203713 2.05913
9.90508 17.7369 0.200039 1.96977
10.1011 17.7764 0.1977 1.89737
10.2973 17.8156 0.196752 2.03961
10.4925 17.8544 0.195996 2.00998
10.6888 17.8931 0.193225 2
10.8851 17.9312 0.190438 2
11.0815 17.969 0.190005 2
11.2779 18.0069 0.191928 2.2
11.4566 18.0419 0.193767 2.2
11.6528 18.0803 0.192841 2.2
11.8492 18.1185 0.192072 2.2
12.0454 18.1569 0.194609 2.2
12.2416 18.1961 0.20021 2.2
12.4051 18.2297 0.204704 2.4
12.6009 18.2706 0.206909 2.4
12.7966 18.3119 0.209464 2.4
12.9921 18.354 0.2152 2.4
13.1873 18.3975 0.223724 2.4
13.3399 18.4328 0.230116 2.6
13.5345 18.4789 0.235518 2.50599
13.7288 18.5261 0.241277 2.41661
13.9229 18.5747 0.249735 2.34094
14.1164 18.6252 0.260528 2.08806
14.2624 18.6647 0.268459 2.03961
14.455 18.7185 0.276499 2.00998
14.6472 18.7739 0.28485 2
14.8389 18.8312 0.295781 1.8
15.0299 18.8907 0.308933 1.8
15.169 18.9358 0.318325 1.8
15.3586 18.9994 0.328833 1.8
15.5476 19.065 0.339646 1.6
15.7359 19.1329 0.352968 1.6
15.923 19.2035 0.368437 1.4
16.055 19.2553 0.37918 1.4
16.2403 19.3305 0.391737 1.4
16.4247 19.4081 0.404772 1.2
16.6081 19.4883 0.420927 1.21655
16.7899 19.5717 0.439235 1.21655
16.9155 19.6317 0.450915 1.07703
17.0947 19.7203 0.469139 1.16619
17.2723 19.8125 0.48784 1.13137
17.4484 19.9076 0.50172 1.28062
17.6233 20.0047 0.511154 1.28062
17.7474 20.0749 0.518242 1.28062
17.9204 20.1751 0.5327 1.44222
18.092 20.278 0.546679 1.52315
18.2624 20.3829 0.555919 1.69706
18.432 20.4889 0.561008 1.72047
18.5616 20.5707 0.565297 1.72047
18.73 20.6786 0.575105 1.78885
18.8973 20.7882 0.584474 1.96977
19.0637 20.899 0.589638 2
19.2299 21.0104 0.591007 2.05913
19.368 21.1032 0.592428 2.05913
19.5336 21.2153 0.597944 2.15407
19.6986 21.3283 0.60313 2.33238
19.8632 21.442 0.604744 2.41661
20.0278 21.5556 0.603024 2.6
20.1758 21.6573 0.60162 2.50599
20.3406 21.7706 0.603444 2.68328
20.5052 21.8842 0.605055 2.63059
20.6697 21.9979 0.603618 2.43311
20.8346 22.1111 0.599214 2.28035
20.9939 22.2194 0.594946 2.34094
21.1596 22.3313 0.593712 2.15407
21.3254 22.4432 0.592376 2.05913
21.4916 22.5545 0.588105 1.8868
21.6584 22.6649 0.580875 1.78885
21.826 22.774 0.57347 1.61245
21.8281 22.7754 0.573397 1.61245
21.9963 22.8835 0.569308 1.7088
22.165 22.991 0.565178 1.52315
22.3343 23.0976 0.558006 1.44222
22.5045 23.2026 0.547694 1.41421
22.6758 23.3058 0.53706 1.28062
22.6845 23.311 0.536606 1.28062
22.8567 23.4126 0.529767 1.28062
23.0297 23.5131 0.522816 1.13137
23.2036 23.6122 0.51226 1.16619
23.3786 23.7091 0.498236 1.16619
23.5549 23.8033 0.484545 1.26491
23.5692 23.8109 0.483655 1.26491
23.7467 23.9028 0.471033 1.16619
23.9256 23.9923 0.457604 1.07703
24.1057 24.0797 0.446155 1.21655
24.2866 24.1652 0.437127 1.16619
24.4681 24.2491 0.42865 1.26491
24.4889 24.2585 0.427553 1.26491
24.6713 24.3405 0.416495 1.16619
24.8546 24.4204 0.405414 1.26491
25.0389 24.4984 0.396477 1.21655
25.2237 24.575 0.389865 1.2
25.4089 24.6505 0.383791 1.41421
25.4405 24.6632 0.382568 1.41421
25.6263 24.7371 0.373866 1.45602
25.8128 24.8093 0.365139 1.7088
25.9999 24.8801 0.358551 1.7088
26.1874 24.9499 0.354332 1.78885
26.3751 25.0189 0.350777 2.05913
26.4196 25.0352 0.349675 2.16333
26.6077 25.1031 0.343389 2.28035
26.7962 25.1698 0.337045 2.28035
26.9852 25.2356 0.332792 2.56125
27.1743 25.3007 0.330905 2.69072
27.3634 25.3656 0.329783 2.82843
27.4205 25.3851 0.329122 2.97321
27.6099 25.4494 0.325252 3.25576
27.7995 25.5129 0.32131 3.25576
27.9894 25.5758 0.319332 3.39411
28.1793 25.6386 0.319609 3.67696
28.3691 25.7016 0.320686 3.82099
28.4343 25.7232 0.320717 3.96989
28.6241 25.7861 0.319119 4.12311
28.8141 25.8487 0.317429 4.40454
29.0041 25.9111 0.317642 4.5607
29.194 25.9738 0.320067 4.5607
29.3837 26.037 0.32333 4.44072
29.4489 26.0589 0.324143 4.47214
29.6384 26.1226 0.324576 4.51221
29.828 26.1864 0.324867 4.5607
30.0175 26.2505 0.32746 4.42719
30.2067 26.3153 0.332707 4.49444
30.3955 26.3812 0.338863 4.49444
30.4507 26.4007 0.340335 4.38634
30.6391 26.4677 0.34322 4.47214
30.8274 26.5353 0.346048 4.56508
31.0154 26.6036 0.351627 4.49444
31.2029 26.6733 0.36023 4.49444
31.3897 26.7447 0.369597 4.49444
31.4264 26.7589 0.371159 4.3909
31.6125 26.832 0.377141 4.11825
31.7983 26.9062 0.383235 4.11825
31.9835 26.9818 0.39217 4.02492
32.1679 27.0593 0.404067 3.75766
32.3513 27.1391 0.416419 3.67696
32.366 27.1456 0.417296 3.67696
32.5484 27.2275 0.42645 3.4176
32.7302 27.3111 0.43582 3.35261
32.9111 27.3967 0.448238 3.29848
33.0908 27.4847 0.463679 3.05941
33.2618 27.5719 0.478654 3.02655
33.4386 27.6651 0.491216 2.80713
33.6145 27.7606 0.504121 2.8
33.7891 27.8587 0.520208 2.6
33.9617 27.9597 0.539315 2.6
34.1041 28.0465 0.555294 2.4
34.2731 28.1533 0.571211 2.40832
34.4406 28.2629 0.58761 2.23607
34.6062 28.3756 0.607989 2.28035
34.7691 28.4918 0.631925 2.08806
34.8809 28.575 0.648473 2.15407
35.0389 28.6974 0.668356 2.03961
35.1949 28.8231 0.689086 1.84391
35.348 28.9524 0.71505 1.89737
35.497 29.0858 0.745182 1.78885
35.5769 29.1607 0.7612 1.78885
35.7198 29.3004 0.786395 1.7088
35.8595 29.4441 0.812825 1.61245
35.9951 29.5918 0.844871 1.61245
36.1252 29.7438 0.880807 1.45602
36.1778 29.8084 0.895137 1.26491
36.3003 29.9662 0.925692 1.34164
36.4184 30.1284 0.95787 1.28062
36.5308 30.2947 0.995612 1.13137
36.6362 30.4646 1.03561 1.13137
36.6707 30.5237 1.04795 1.13137
36.7669 30.6985 1.0892 1
36.856 30.8781 1.13008 1.07703
36.9387 31.061 1.15931 1.0198
37.0168 31.2452 1.18032 1.2
37.0438 31.3116 1.18873 1.2
37.1152 31.4982 1.22463 1.2
37.1797 31.6876 1.25767 1.2
37.2398 31.8787 1.27139 1.4
37.2986 32.0699 1.27257 1.4
37.3207 32.1419 1.27516 1.4
37.3771 32.3338 1.29603 1.34164
37.4295 32.5268 1.31315 1.45602
37.4804 32.7203 1.31096 1.41421
37.5331 32.9132 1.29644 1.4
37.5536 32.9853 1.29313 1.4
37.6081 33.1777 1.2985 1.6
37.6615 33.3706 1.29959 1.6
37.7166 33.5629 1.28035 1.6
37.7769 33.7536 1.24893 1.6
37.7965 33.8116 1.24121 1.6
37.8624 34.0003 1.23093 1.4
37.9304 34.189 1.21477 1.4
38.0037 34.3756 1.17465 1.2
38.0856 34.5578 1.12277 1.2
38.1016 34.5908 1.11488 1.2
38.1924 34.7689 1.08571 1.2
38.2892 34.9454 1.04859 1.0198
38.3946 35.1167 0.986429 1.07703
38.5103 35.2789 0.918308 1
38.5213 35.2932 0.913595 1
38.6477 35.4471 0.849581 1
38.7853 35.5936 0.786851 1
38.9307 35.733 0.745202 1.07703
39.0798 35.8664 0.714251 1.21655
39.1045 35.8877 0.70801 1.21655
39.2591 36.014 0.660675 1.4
39.4201 36.1333 0.617266 1.4
39.5855 36.247 0.589776 1.6
39.7528 36.3569 0.5725 1.6
39.8221 36.4011 0.563626 1.8
39.9925 36.5054 0.533368 1.8
40.1664 36.6046 0.50525 2
40.3426 36.6998 0.487881 2
40.5198 36.7928 0.479318 2
40.6464 36.8581 0.472186 2.2
40.8252 36.9475 0.454091 2.2
41.0058 37.0336 0.43683 2.4
41.1875 37.1173 0.427318 2.4
41.3697 37.1999 0.425322 2.4
41.5505 37.2817 0.42353 2.6
41.7332 37.3631 0.414238 2.6
41.9167 37.4427 0.405039 2.8
42.1007 37.5212 0.402076 2.8
42.2846 37.5997 0.405898 2.8
42.4682 37.6792 0.411462 3
42.5082 37.6967 0.41197 3
42.6915 37.7767 0.40962 3
42.8751 37.856 0.406918 3.2
43.0587 37.9354 0.410043 3.2
43.2418 38.0159 0.419971 3.4
43.4239 38.0986 0.432485 3.4
43.4917 38.1301 0.436077 3.4
43.6728 38.2149 0.439477 3.6
43.8538 38.3003 0.44258 3.6
44.0343 38.3868 0.452945 3.60555
44.2134 38.4759 0.471147 3.82099
44.3906 38.5685 0.490737 3.82099
44.4711 38.6118 0.496722 4.04475
44.6478 38.7061 0.477596 4.07922
44.8277 38.7967 0.461133 4.12311
45.0072 38.8888 0.497284 4.36807
45.1791 38.9916 0.58716 4.36807
45.3396 39.1103 0.680122 4.2
45.4158 39.1733 0.697391 4
